without normalisation accuracy per k

accuracy_train = 

[68.91891891891892,
 68.91891891891892,
 68.91891891891892,
 70.27027027027027,
 71.62162162162163,
 72.97297297297297,
 70.27027027027027,
 70.27027027027027,
 67.56756756756756,
 68.91891891891892,
 67.56756756756756,
 67.56756756756756,
 63.51351351351351,
 67.56756756756756,
 68.91891891891892,
 68.91891891891892,
 66.21621621621621,
 68.91891891891892]
 
Accuracy_test:  64.51612903225806 %

with normalisation accuracy per k 

accuracy_train = 

[68.91891891891892,
 68.91891891891892,
 68.91891891891892,
 70.27027027027027,
 71.62162162162163,
 72.97297297297297,
 70.27027027027027,
 70.27027027027027,
 67.56756756756756,
 68.91891891891892,
 67.56756756756756,
 67.56756756756756,
 63.51351351351351,
 67.56756756756756,
 68.91891891891892,
 68.91891891891892,
 66.21621621621621,
 68.91891891891892]
 
Accuracy_test:  64.51612903225806 %


linear regression

test RSS = 0.5707773115884475
train RSS = 5.360540189872757

ret = 

		[[ 0.10777118],
        [ 0.01402383],
        [ 0.03082853],
        [ 0.08156124],
        [-0.01451973],
        [ 0.1396619 ],
        [-0.04999264],
        [-0.0694056 ],
        [ 0.06738026],
        [-0.17265684],
        [ 0.04232795],
        [-0.00763402]]
		
output = 


[-0.15336137265140232,
 -0.20108913317188232,
 0.24239570155037005,
 -0.27320977820804887,
 0.08342408564077147,
 -0.051817471183131826,
 0.18448194252506914,
 -0.12484288035200923,
 0.16579571572130541,
 0.2739993949949086,
 -0.08558735861665435,
 -0.13581661112550544,
 -0.2922771909681079,
 0.129521405818539,
 0.08988106051604863,
 -0.426319012111224,
 -0.24293733120194286,
 -0.006799734672602478,
 -0.2318391082292719,
 0.3751103667491876,
 -0.08031316556879348,
 0.1957101432141444,
 0.017329453561924467,
 0.1753898104321849,
 0.2751507351169853,
 -0.1301432154879983,
 0.2508729380124717,
 0.2042628990546374,
 0.37835259871968685,
 -0.25734018758077093,
 -0.17767834027639867,
 -0.06246896886337573,
 -0.15014932487931673,
 -0.3169241455893318,
 0.07042788257572165,
 -0.15965736106469924,
 -0.06340739560241157,
 0.34648168205569985,
 0.2442666516254798,
 0.35887789884501736,
 0.42399977988437043,
 -0.10801515418507142,
 -0.2745897858568142,
 -0.36763298245527853,
 0.05401276722290124,
 0.5535787884267009,
 0.14428057326042754,
 -0.08695151782415138,
 0.2617779710258042]
 
 
 [-0.15336137, -0.20108913,  0.2423957 , -0.27320978,  0.08342409,
       -0.05181747,  0.18448194, -0.12484288,  0.16579572,  0.27399939,
       -0.08558736, -0.13581661, -0.29227719,  0.12952141,  0.08988106,
       -0.42631901, -0.24293733, -0.00679973, -0.23183911,  0.37511037,
       -0.08031317,  0.19571014,  0.01732945,  0.17538981,  0.27515074,
       -0.13014322,  0.25087294,  0.2042629 ,  0.3783526 , -0.25734019,
       -0.17767834, -0.06246897, -0.15014932, -0.31692415,  0.07042788,
       -0.15965736, -0.0634074 ,  0.34648168,  0.24426665,  0.3588779 ,
        0.42399978, -0.10801515, -0.27458979, -0.36763298,  0.05401277,
        0.55357879,  0.14428057, -0.08695152,  0.26177797]

		
y_test = 


[-2.73034615e-01, -2.67179256e-01, -2.61436500e-01, -2.59522248e-01,
       -2.56481965e-01, -2.55243331e-01, -2.49387972e-01, -2.18985146e-01,
       -1.96914947e-01, -1.53337563e-01, -1.48045219e-01, -1.41626845e-01,
       -1.30929554e-01, -8.41992849e-02,  4.48438207e-02,  1.38979978e-01,
        2.78044756e-01,  8.86326480e-01,  2.11921737e+00, -2.70219538e-01,
       -2.30020246e-01, -2.60310469e-01, -1.57053464e-01,  1.04123076e-03,
       -1.16966775e-01, -2.60085263e-01, -2.28218597e-01, -2.66503637e-01,
       -1.01765362e-01, -2.61323897e-01, -1.95563710e-01, -2.10652520e-01,
       -1.86442862e-01, -2.44883850e-01, -2.14255818e-01, -9.85624306e-04,
       -2.09864299e-01, -1.90046160e-01, -2.59522248e-01, -2.71795981e-01,
       -2.64026370e-01,  6.53913767e-01, -2.42068774e-01, -2.56031553e-01,
       -1.64372663e-01, -2.46910705e-01, -1.12575256e-01, -2.53441683e-01,
       -2.05360176e-01]
	   
	   
corellation = array([[ 1.        , -0.21727893],
       [-0.21727893,  1.        ]])