########################linear kernel

cross-validation (accuracy, time)

[(0.9076549210206561, 4.118379354476929),
 (0.9023896314297286, 3.026970148086548),
 (0.9068448764682058, 2.3912651538848877),
 (0.9206156338598623, 2.0652191638946533),
 (0.9258809234507898, 1.877018928527832),
 (0.928311057108141, 1.678412914276123),
 (0.9307411907654921, 1.5605700016021729),
 (0.9319562575941677, 1.4896621704101562),
 (0.9335763466990684, 1.3853704929351807),
 (0.9339813689752936, 1.4173738956451416),
 (0.9335763466990684, 1.5218169689178467),
 (0.9339813689752936, 1.8282573223114014),
 (0.934791413527744, 2.192711114883423),
 (0.9351964358039693, 2.9317445755004883),
 (0.9360064803564196, 4.205877780914307),
 (0.9360064803564196, 6.522589206695557),
 (0.9360064803564196, 10.026994466781616),
 (0.9360064803564196, 17.090081930160522),
 (0.9360064803564196, 30.599862337112427),
 (0.9360064803564196, 59.58180546760559)]
 
test set (accuracy)

0.930921052631579
 
###############################rbf kernel

cross-validation (accuracy, time)
 
 [(0.5637910085054678, 7.8440024852752686),
 (0.5637910085054678, 7.789108514785767),
 (0.5637910085054678, 7.768023490905762),
 (0.5637910085054678, 7.7883055210113525),
 (0.680032401782098, 7.667978525161743),
 (0.8833535844471446, 7.048547029495239),
 (0.9044147428108545, 5.715918779373169),
 (0.913730255164034, 4.7616355419158936),
 (0.9189955447549615, 3.864760160446167),
 (0.9214256784123127, 2.819880247116089),
 (0.9299311462130417, 2.319140672683716),
 (0.9360064803564196, 2.019554853439331),
 (0.9392466585662211, 1.80995512008667),
 (0.9437019036046983, 1.6348202228546143),
 (0.947347104090725, 1.5201125144958496),
 (0.9509923045767518, 1.45566725730896),
 (0.9534224382341029, 1.4666175842285156),
 (0.9509923045767518, 1.5008141994476318),
 (0.9509923045767518, 1.635788917541504),
 (0.9505872823005266, 1.784893274307251)]
 
 test set (accuracy)
 
 0.9627192982456141
 
 
################################polynomial kernel

cross-validation (accuracy, time)
 
 [(0.5637910085054678, 10.316271305084229),
 (0.5637910085054678, 10.271387815475464),
 (0.5828270554880518, 10.207841634750366),
 (0.9003645200486027, 9.821514129638672),
 (0.91575536654516, 7.636522531509399),
 (0.9088699878493317, 5.748750448226929),
 (0.905224787363305, 4.385406494140625),
 (0.9092750101255569, 3.4426074028015137),
 (0.9210206561360875, 2.9219486713409424),
 (0.9311462130417173, 2.5424270629882812),
 (0.9339813689752936, 2.2714266777038574),
 (0.9408667476711219, 2.108035087585449),
 (0.9424868367760226, 1.965653896331787),
 (0.9449169704333739, 1.8945419788360596),
 (0.9501822600243013, 1.8594043254852295),
 (0.9505872823005266, 1.8598318099975586),
 (0.9534224382341029, 1.9636926651000977),
 (0.9509923045767518, 2.1155261993408203),
 (0.9509923045767518, 2.3274648189544678),
 (0.9489671931956257, 2.5880088806152344)]
 
 test set (accuracy)
 
 0.9629934210526315